"70-Jan-01" 17008 504785 490524 -0.01276296629033454
"17-Aug-31" 502 10943 10695 0.03145605717273837
"17-Aug-09" 622 15324 14958 0.023415020010004964
"17-Aug-10" 565 12350 12050 0.04883621755253416
"17-Aug-08" 854 22828 22291 0.0033765335355577237
"17-Jul-22" 190 4287 4171 0.04556574610245004
"17-Aug-02" 532 11453 11190 0.033276040279627286
"17-Aug-05" 399 9827 9575 0.026625414634146537
"17-Aug-11" 517 11474 11190 0.02912509983361052
"85-Apr-19" 0 1 1 0.0
"17-Jul-21" 234 5717 5576 0.04262488262910818
"17-Sep-01" 383 8370 8165 0.05176826736626009
"17-Jul-23" 198 4696 4573 0.04013179131852453
"17-Jul-29" 215 4619 4504 0.028734021469859625
"17-Aug-26" 457 9284 9034 0.032470561130452644
"17-Jul-26" 496 10350 10108 0.02330362398822678
"17-Aug-29" 936 22905 22369 0.029488196625214645
"17-Aug-25" 507 9786 9485 0.04920971024324058
"17-Jul-20" 307 7067 6907 0.030459234721471076
"17-Jul-28" 277 6212 6080 0.0351326464708597
"70-Jan-02" 0 4 4 -0.35209999999999997
"70-Feb-01" 1 1 1 0.0129
"17-Aug-16" 567 13507 13190 0.02714875248086193
"17-Jul-19" 423 12171 11888 0.011223194488438358
"17-Sep-03" 298 6403 6229 0.03729501042597555
"17-Aug-15" 830 21111 20687 0.02841361258925738
"17-Aug-01" 573 16238 15892 0.020958614343386434
"17-Aug-14" 2854 74866 72581 0.006076139805924998
"17-Aug-24" 588 12975 12646 0.03553847058823534
"17-Aug-12" 334 7355 7151 0.03485841648308928
"17-Jul-30" 275 5849 5676 0.025690913531998014
"88-Sep-07" 0 1 1 -0.8807
"17-Jul-24" 2149 54853 52688 -0.010547885500323434
"17-Aug-19" 344 6528 6342 0.06403497894584004
"17-Aug-13" 373 8589 8333 0.043595511249721754
"17-Aug-06" 369 8175 7960 0.034590486751488334
"17-Aug-23" 545 15637 15222 0.01605445190707996
"17-Aug-03" 405 9646 9373 0.028331359126984167
"17-Aug-17" 594 11901 11625 0.047595157172491055
"17-Jul-17" 1911 48090 46485 0.02390173741322921
"17-Aug-27" 536 9497 9216 0.05391218445637044
"72-May-09" 0 2 2 0.1591
"17-Sep-04" 14 404 386 0.05231100478468901
"17-Jul-25" 601 14972 14593 0.009556324857490455
"70-Jan-12" 0 1 1 -0.1531
"17-Aug-18" 401 7499 7317 0.05558277560298027
"70-Nov-01" 0 1 1 0.5859
"17-Sep-02" 257 5206 5089 0.04206119430241072
"17-Aug-21" 2454 74229 71799 -0.019062191028776015
"17-Aug-30" 581 15165 14721 0.007399258743031073
"70-Jan-09" 0 2 2 -0.4593
"17-Aug-04" 495 12048 11718 0.030103149606299222
"17-Aug-07" 2998 77596 75066 -0.005377555492281298
"71-Jul-16" 0 1 1 0.0
"17-Aug-28" 3639 91085 87931 0.011565577050665089
"17-Aug-20" 399 7030 6850 0.0599581554571084
"17-Aug-22" 786 22979 22463 0.004123505708529203
"17-Jul-27" 362 7517 7325 0.026910835443038038
"17-Jul-18" 543 14048 13703 0.023496034459182268
"17-Jul-31" 1909 52467 50821 0.0007462527748730039
