character, Positive, Negative, Neutral
arya, 0.09300908193484697, 0.10720256663376113, 0.7997899308983215
bran, 0.07795194416749755, 0.07492123629112661, 0.8471266201395813
bronn, 0.10814127906976742, 0.08789593023255815, 0.8039598837209302
cersei, 0.08475516142441454, 0.11957489261465988, 0.7956659276707767
daenerys, 0.09292574358974362, 0.09249189743589746, 0.8145794871794872
davos, 0.11299109263657961, 0.07246437054631827, 0.8145463182897861
gilly, 0.0879098573281453, 0.06610635538262, 0.8459773022049292
hound, 0.08725871766029246, 0.08512185976752913, 0.8276257967754027
jamie, 0.0913224568138196, 0.12036372360844534, 0.78828886756238
jon, 0.0897548197203827, 0.08248462104488595, 0.8277592347314201
melisandre, 0.08737362637362635, 0.08409523809523813, 0.8285311355311354
missandei, 0.09515315315315315, 0.06614864864864864, 0.8386936936936938
petyr, 0.0921789869952088, 0.10433093771389462, 0.8034917864476384
sam, 0.0810189003436426, 0.07904467353951891, 0.8399337533409698
theon, 0.0821347480106101, 0.09532254641909814, 0.8225464190981434
tormund, 0.11104422944022112, 0.09155563234277812, 0.7974091223220455
tyrion, 0.11109093641966038, 0.0871901397865625, 0.8017198256425677
varys, 0.06943421052631579, 0.09619736842105263, 0.8343421052631577
