character, Positive, Negative, Neutral
arya, 0.09297204045211183, 0.08975074360499703, 0.8172801903628795
bran, 0.08342490842490846, 0.08518186813186811, 0.8313871794871794
bronn, 0.11592731629392974, 0.10109105431309909, 0.7829872204472842
cersei, 0.10010169274172863, 0.1306709412669915, 0.7692256988971532
daenerys, 0.09527998496052134, 0.09734402807369345, 0.8073762376237623
davos, 0.13934867663981576, 0.07465707710011509, 0.7859976985040278
gilly, 0.09156060606060606, 0.05862121212121211, 0.8498484848484849
hound, 0.10338800705467367, 0.09689417989417992, 0.7997107583774251
jamie, 0.1026133434420015, 0.12126914329037154, 0.7761144806671719
jon, 0.09212304827388622, 0.08461223320441195, 0.8232680131786274
melisandre, 0.07629452054794522, 0.09561643835616435, 0.828085616438356
missandei, 0.09400892857142862, 0.06840624999999996, 0.8375781249999997
petyr, 0.08567713903743311, 0.08635427807486633, 0.8279632352941176
sam, 0.092507191077194, 0.07473378338714409, 0.8327575579688868
theon, 0.0933360995850622, 0.10133333333333337, 0.8053236514522827
tormund, 0.122920245398773, 0.06741717791411042, 0.8096625766871165
tyrion, 0.1144875093492895, 0.09988287210172027, 0.785635003739716
varys, 0.08742553191489362, 0.0977446808510638, 0.8148404255319149
