character, Positive, Negative, Neutral
arya, 0.10329931836407381, 0.1066850441058541, 0.7900140336808342
bran, 0.08361121910580398, 0.08694668147736742, 0.8294418217161904
bronn, 0.11853827857886141, 0.10310286903523112, 0.7783600416233095
cersei, 0.09397876857749467, 0.1289435244161359, 0.7770700636942678
daenerys, 0.09700771488469603, 0.11055681341719079, 0.792435555555556
davos, 0.13751653363740024, 0.05854618015963514, 0.8039509692132263
gilly, 0.09689010989010989, 0.06539560439560439, 0.8377032967032964
hound, 0.10792494136043781, 0.10604378420641128, 0.7860445660672397
jamie, 0.10875832252485951, 0.11489753566796368, 0.776342412451362
jon, 0.09450380558151955, 0.08734677527039665, 0.8181480838563225
melisandre, 0.07842487046632123, 0.0860880829015544, 0.835461139896373
missandei, 0.10868062827225129, 0.07428970331588133, 0.8170209424083769
petyr, 0.0903983921393479, 0.09936534167038855, 0.8102268870031256
sam, 0.08912851063829787, 0.08020340425531916, 0.8306695035460993
theon, 0.09436761083743843, 0.11137869458128082, 0.7942530788177332
tormund, 0.10765313653136531, 0.09536531365313655, 0.7969409594095944
tyrion, 0.11582261129207383, 0.09936251357220413, 0.7848169109663408
varys, 0.059346153846153854, 0.09825, 0.8424038461538461
