character, Positive, Negative, Neutral
arya, 0.09000057828538384, 0.1223550672256758, 0.7876447882029785
bran, 0.0797075580438004, 0.07430347439486254, 0.8459950601020909
bronn, 0.09681260647359452, 0.07560136286201025, 0.8275911413969336
cersei, 0.09172162927466787, 0.12219472881725112, 0.786084077543019
daenerys, 0.09379080151819606, 0.08645847287340921, 0.8197526233534268
davos, 0.11503359173126615, 0.07736175710594317, 0.8076098191214474
gilly, 0.08407981220657278, 0.06933802816901405, 0.8465774647887324
hound, 0.09816612798965736, 0.10556237879767294, 0.7962711700064639
jamie, 0.1012094017094017, 0.10549145299145299, 0.7933055555555557
jon, 0.08835058636804514, 0.09393413279252273, 0.8177166916497657
melisandre, 0.11222641509433963, 0.08151572327044024, 0.8062830188679246
missandei, 0.09626881720430111, 0.05526881720430108, 0.8484408602150539
petyr, 0.09249247874427735, 0.10400948332243297, 0.8034934597776324
sam, 0.08452370008618215, 0.07483395575983914, 0.8406363114047682
theon, 0.0931791713325868, 0.0992194848824188, 0.8075979843225081
tormund, 0.12337563686892082, 0.10635386753126451, 0.7702751273737847
tyrion, 0.11074906111300789, 0.09415483100034139, 0.7951053260498461
varys, 0.07787671232876711, 0.07031506849315068, 0.851821917808219
