character, Positive, Negative, Neutral
arya, 0.09404799426934095, 0.09399283667621779, 0.8119579751671441
bran, 0.08484009369991369, 0.07171236592282092, 0.8434428553815806
bronn, 0.09493495934959353, 0.08298780487804874, 0.8220691056910571
cersei, 0.09656380604585112, 0.12390271860417934, 0.7795312436599717
daenerys, 0.09405150320354855, 0.08954805322819119, 0.8164069738787587
davos, 0.10832775919732442, 0.07946822742474915, 0.8122040133779262
gilly, 0.08877945619335348, 0.05616012084592146, 0.8550422960725074
hound, 0.09707912957467853, 0.09583283877349154, 0.8070994065281901
jamie, 0.10409527326440175, 0.11551698670605613, 0.7803781388478584
jon, 0.08782244940538289, 0.08466148549968706, 0.8275180471520972
melisandre, 0.08332773109243699, 0.090046218487395, 0.8266008403361347
missandei, 0.11964999999999998, 0.07199999999999998, 0.8083500000000003
petyr, 0.10664226747385804, 0.12664914694551446, 0.766710236653826
sam, 0.09544827586206889, 0.06415851376637265, 0.8403910719059077
theon, 0.11015711586901766, 0.1041413727959698, 0.7856993073047857
tormund, 0.12293440667859278, 0.13181276088252827, 0.7452635658914732
tyrion, 0.11098046818899894, 0.09645598161711906, 0.7925632629613673
varys, 0.09126851851851851, 0.03885185185185185, 0.8698703703703705
