character, Positive, Negative, Neutral
arya, 0.09794827225130888, 0.11535308900523557, 0.7867011518324608
bran, 0.07701342281879195, 0.07349916107382548, 0.8494844798657718
bronn, 0.09651101321585905, 0.08222026431718064, 0.8212599118942733
cersei, 0.09033667180277355, 0.11764483821263479, 0.7920225346687212
daenerys, 0.08497637795275594, 0.07437742782152235, 0.8406412073490812
davos, 0.10296958174904948, 0.05439543726235741, 0.8426387832699622
gilly, 0.07078523489932888, 0.06533557046979864, 0.8638859060402686
hound, 0.10395954307472635, 0.09153450737743936, 0.804515944788196
jamie, 0.09406299212598428, 0.10283779527559055, 0.803113385826771
jon, 0.08901293900184847, 0.09324768946395565, 0.8177407158460764
melisandre, 0.07637373737373739, 0.07132323232323233, 0.8523030303030305
missandei, 0.09720967741935484, 0.062161290322580644, 0.8406451612903226
petyr, 0.08784741784037559, 0.09776760563380277, 0.8143810641627545
sam, 0.08295952321827664, 0.07627166625279366, 0.8407688105289299
theon, 0.07593380406001761, 0.08561076787290381, 0.8384545454545453
tormund, 0.12195604395604392, 0.08588278388278389, 0.7921758241758244
tyrion, 0.11117249310027603, 0.08484038638454458, 0.803984360625575
varys, 0.09218181818181818, 0.09074242424242425, 0.8170757575757575
