character, Positive, Negative, Neutral
arya, 0.07953416912487708, 0.07845329400196659, 0.8420125368731569
bran, 0.07736435469710276, 0.06592010535557512, 0.8567190517998245
bronn, 0.12589322033898304, 0.1010762711864407, 0.7730406779661018
cersei, 0.09524752660070933, 0.1267832742206459, 0.7779725592682472
daenerys, 0.09662422192151547, 0.092609201623816, 0.8107654939106899
davos, 0.11144724770642203, 0.08536467889908252, 0.8031811926605504
gilly, 0.10651127819548868, 0.09081954887218047, 0.8026390977443608
hound, 0.1023427638737759, 0.08048095756256801, 0.8171621327529923
jamie, 0.09623664122137404, 0.1327041984732824, 0.7710610687022901
jon, 0.08989367056750974, 0.09825808481187868, 0.8118457279476535
melisandre, 0.08180539499036608, 0.08648362235067436, 0.8317244701348746
missandei, 0.1450635593220339, 0.08595197740112995, 0.7689675141242938
petyr, 0.09366408114558467, 0.11281503579952266, 0.7935173031026252
sam, 0.08952568121533636, 0.08036918254159639, 0.8301041716903783
theon, 0.09858918269230775, 0.1295829326923077, 0.771819230769231
tormund, 0.10813824884792628, 0.08794470046082954, 0.8039354838709679
tyrion, 0.11356071076011845, 0.08943218163869693, 0.7970005923000986
varys, 0.09146859903381642, 0.07759420289855073, 0.8309516908212561
