arya 0.08021557345607971 0.0812903720751822 0.8384921365554269 -0.005488454161871922
tormund 0.10528310502283106 0.08189954337899544 0.8128310502283106 0.05912374429223746
sansa 0.09942587148257026 0.10365917681646365 0.7969136917261646 -0.03196770264594708
melisandre 0.07925866050808311 0.0859145496535797 0.8348475750577363 -0.04181247113163972
gilly 0.10765354330708662 0.08801574803149607 0.804291338582677 0.027399212598425197
tyrion 0.10335468861846828 0.09035468861846817 0.8062813171080885 0.0070225841088045835
theon 0.0978056699781924 0.12786018899927304 0.7743295371940878 -0.09948466198206944
bran 0.07830773420479306 0.06540141612200435 0.8562952069716776 0.011589433551198259
daenerys 0.09378910976663785 0.09343215211754533 0.8127718236819368 -0.017884442523768373
davos 0.10671351351351353 0.08130090090090093 0.8119729729729731 0.03292864864864867
varys 0.10225619834710736 0.0893223140495868 0.8083991735537183 0.029443636363636384
missandei 0.14508345752608048 0.08661997019374072 0.7682801788375564 0.09672697466467942
jaime 0.09489916467780436 0.1190966587112172 0.7860113365155132 -0.10635966587112172
bronn 0.12999621928166352 0.10191682419659737 0.7681001890359168 0.04436937618147454
the hound 0.10361842105263153 0.08183552631578947 0.81453125 0.026058388157894755
sam 0.08976562818163308 0.08002178782325398 0.8302117694970489 0.013977295866422323
littlefinger 0.09355279503105597 0.11471014492753616 0.7917391304347833 -0.05575576259489304
